g = 9.8;
R=20;
L=0.01;
M=0.2;
b=0.5;
k=2;
